0 0 0 0 0 0 0 0 0 0 0 0 0 0 0 0 0.0909091 0.2 0.261905 0.305556 0.666667 0.633333 0.6 0.555556 0.5 0.5 0.555556 0.6 0.633333 0.666667 0.305556 0.261905 0.2 0.0909091 0 0 0 0 0 0 0 0 0 0 0 0 0 0 0 0 
0 0 0 0 0 0 0 0 0 0 0 0 0 0 0.0833333 0.291667 0.296296 0.583333 0.866667 0.904762 1 1 1 1 1 1 1 1 1 1 0.904762 0.866667 0.583333 0.296296 0.291667 0.0833333 0 0 0 0 0 0 0 0 0 0 0 0 0 0 
0 0 0 0 0 0 0 0 0 0 0 0 0 0.25 0.638889 0.75 0.948718 1 1 1 1 1 1 1 1 1 1 1 1 1 1 1 1 0.948718 0.75 0.638889 0.25 0 0 0 0 0 0 0 0 0 0 0 0 0 
0 0 0 0 0 0 0 0 0 0 0.025641 0.25 0.4 1 1 1 1 1 1 1 1 1 1 1 1 1 1 1 1 1 1 1 1 1 1 1 1 0.4 0.25 0.025641 0 0 0 0 0 0 0 0 0 0 
0 0 0 0 0 0 0 0 0 0.125 0.377778 0.777778 1 1 1 1 1 1 1 1 1 1 1 1 1 1 1 1 1 1 1 1 1 1 1 1 1 1 0.777778 0.377778 0.125 0 0 0 0 0 0 0 0 0 
0 0 0 0 0 0 0 0 0.142857 0.333333 0.433333 1 1 1 1 1 1 1 1 1 1 1 1 1 1 1 1 1 1 1 1 1 1 1 1 1 1 1 1 0.433333 0.333333 0.142857 0 0 0 0 0 0 0 0 
0 0 0 0 0 0 0 0.0555556 0.333333 0.575758 1 1 1 1 1 1 1 1 1 1 1 1 1 1 1 1 1 1 1 1 1 1 1 1 1 1 1 1 1 1 0.575758 0.333333 0.0555556 0 0 0 0 0 0 0 
0 0 0 0 0 0 0.0555556 0.708333 0.444444 1 1 1 1 1 1 1 1 1 1 1 1 1 1 1 1 1 1 1 1 1 1 1 1 1 1 1 1 1 1 1 1 0.444444 0.708333 0.0555556 0 0 0 0 0 0 
0 0 0 0 0 0.142857 0.333333 0.444444 1 1 1 1 1 1 1 1 1 1 1 1 1 1 1 1 1 1 1 1 1 1 1 1 1 1 1 1 1 1 1 1 1 1 0.444444 0.333333 0.142857 0 0 0 0 0 
0 0 0 0 0.125 0.333333 0.575758 1 1 1 1 1 1 1 1 1 1 1 1 1 1 1 1 1 1 1 1 1 1 1 1 1 1 1 1 1 1 1 1 1 1 1 1 0.575758 0.333333 0.125 0 0 0 0 
0 0 0 0.025641 0.377778 0.433333 1 1 1 1 1 1 1 1 1 1 1 1 1 1 1 1 1 1 1 1 1 1 1 1 1 1 1 1 1 1 1 1 1 1 1 1 1 1 0.433333 0.377778 0.025641 0 0 0 
0 0 0 0.25 0.777778 1 1 1 1 1 1 1 1 1 1 1 1 1 1 1 1 1 1 1 1 1 1 1 1 1 1 1 1 1 1 1 1 1 1 1 1 1 1 1 1 0.777778 0.25 0 0 0 
0 0 0 0.4 1 1 1 1 1 1 1 1 1 1 1 1 1 1 1 1 1 1 1 1 1 1 1 1 1 1 1 1 1 1 1 1 1 1 1 1 1 1 1 1 1 1 0.4 0 0 0 
0 0 0.25 1 1 1 1 1 1 1 1 1 1 1 1 1 1 1 1 1 0.949074 0.81746 0.833333 0.703704 0.733333 0.733333 0.703704 0.833333 0.81746 0.949074 1 1 1 1 1 1 1 1 1 1 1 1 1 1 1 1 1 0.25 0 0 
0 0.0833333 0.638889 1 1 1 1 1 1 1 1 1 1 1 1 1 1 1 1 1 0.571429 0.425926 0.222222 0.166667 0.0952381 0.0952381 0.166667 0.222222 0.425926 0.571429 1 1 1 1 1 1 1 1 1 1 1 1 1 1 1 1 1 0.638889 0.0833333 0 
0 0.291667 0.75 1 1 1 1 1 1 1 1 1 1 1 1 1 1 0.820513 0.6 0 0.037037 0.253968 0 0 0 0 0 0 0.253968 0.037037 0 0.6 0.820513 1 1 1 1 1 1 1 1 1 1 1 1 1 1 0.75 0.291667 0 
0.0909091 0.296296 0.948718 1 1 1 1 1 1 1 1 1 1 1 1 1 0.714286 0.666667 0.0606061 0 0 0 0 0 0 0 0 0 0 0 0 0.0606061 0.666667 0.714286 1 1 1 1 1 1 1 1 1 1 1 1 1 0.948718 0.296296 0.0909091 
0.2 0.583333 1 1 1 1 1 1 1 1 1 1 1 1 1 0.820513 0.666667 0 0 0 0 0 0 0 0 0 0 0 0 0 0 0 0 0.666667 0.820513 1 1 1 1 1 1 1 1 1 1 1 1 1 0.583333 0.2 
0.261905 0.866667 1 1 1 1 1 1 1 1 1 1 1 1 1 0.6 0.0606061 0 0 0 0 0 0 0 0 0 0 0 0 0 0 0 0 0.0606061 0.6 1 1 1 1 1 1 1 1 1 1 1 1 1 0.866667 0.261905 
0.305556 0.904762 1 1 1 1 1 1 1 1 1 1 1 1 1 0 0 0 0 0 0 0 0 0 0 0 0 0 0 0 0 0 0 0 0 1 1 1 1 1 1 1 1 1 1 1 1 1 0.904762 0.305556 
0.666667 1 1 1 1 1 1 1 1 1 1 1 1 0.949074 0.571429 0.037037 0 0 0 0 0 0 0 0 0 0 0 0 0 0 0 0 0 0 0.037037 0.571429 0.949074 1 1 1 1 1 1 1 1 1 1 1 1 0.666667 
0.633333 1 1 1 1 1 1 1 1 1 1 1 1 0.81746 0.425926 0.253968 0 0 0 0 0 0 0 0 0 0 0 0 0 0 0 0 0 0 0.253968 0.425926 0.81746 1 1 1 1 1 1 1 1 1 1 1 1 0.633333 
0.6 1 1 1 1 1 1 1 1 1 1 1 1 0.833333 0.222222 0 0 0 0 0 0 0 0 0 0 0 0 0 0 0 0 0 0 0 0 0.222222 0.833333 1 1 1 1 1 1 1 1 1 1 1 1 0.6 
0.555556 1 1 1 1 1 1 1 1 1 1 1 1 0.703704 0.166667 0 0 0 0 0 0 0 0 0 0 0 0 0 0 0 0 0 0 0 0 0.166667 0.703704 1 1 1 1 1 1 1 1 1 1 1 1 0.555556 
0.5 1 1 1 1 1 1 1 1 1 1 1 1 0.733333 0.0952381 0 0 0 0 0 0 0 0 0 0 0 0 0 0 0 0 0 0 0 0 0.0952381 0.733333 1 1 1 1 1 1 1 1 1 1 1 1 0.5 
0.5 1 1 1 1 1 1 1 1 1 1 1 1 0.733333 0.0952381 0 0 0 0 0 0 0 0 0 0 0 0 0 0 0 0 0 0 0 0 0.0952381 0.733333 1 1 1 1 1 1 1 1 1 1 1 1 0.5 
0.555556 1 1 1 1 1 1 1 1 1 1 1 1 0.703704 0.166667 0 0 0 0 0 0 0 0 0 0 0 0 0 0 0 0 0 0 0 0 0.166667 0.703704 1 1 1 1 1 1 1 1 1 1 1 1 0.555556 
0.6 1 1 1 1 1 1 1 1 1 1 1 1 0.833333 0.222222 0 0 0 0 0 0 0 0 0 0 0 0 0 0 0 0 0 0 0 0 0.222222 0.833333 1 1 1 1 1 1 1 1 1 1 1 1 0.6 
0.633333 1 1 1 1 1 1 1 1 1 1 1 1 0.81746 0.425926 0.253968 0 0 0 0 0 0 0 0 0 0 0 0 0 0 0 0 0 0 0.253968 0.425926 0.81746 1 1 1 1 1 1 1 1 1 1 1 1 0.633333 
0.666667 1 1 1 1 1 1 1 1 1 1 1 1 0.949074 0.571429 0.037037 0 0 0 0 0 0 0 0 0 0 0 0 0 0 0 0 0 0 0.037037 0.571429 0.949074 1 1 1 1 1 1 1 1 1 1 1 1 0.666667 
0.305556 0.904762 1 1 1 1 1 1 1 1 1 1 1 1 1 0 0 0 0 0 0 0 0 0 0 0 0 0 0 0 0 0 0 0 0 1 1 1 1 1 1 1 1 1 1 1 1 1 0.904762 0.305556 
0.261905 0.866667 1 1 1 1 1 1 1 1 1 1 1 1 1 0.6 0.0606061 0 0 0 0 0 0 0 0 0 0 0 0 0 0 0 0 0.0606061 0.6 1 1 1 1 1 1 1 1 1 1 1 1 1 0.866667 0.261905 
0.2 0.583333 1 1 1 1 1 1 1 1 1 1 1 1 1 0.820513 0.666667 0 0 0 0 0 0 0 0 0 0 0 0 0 0 0 0 0.666667 0.820513 1 1 1 1 1 1 1 1 1 1 1 1 1 0.583333 0.2 
0.0909091 0.296296 0.948718 1 1 1 1 1 1 1 1 1 1 1 1 1 0.714286 0.666667 0.0606061 0 0 0 0 0 0 0 0 0 0 0 0 0.0606061 0.666667 0.714286 1 1 1 1 1 1 1 1 1 1 1 1 1 0.948718 0.296296 0.0909091 
0 0.291667 0.75 1 1 1 1 1 1 1 1 1 1 1 1 1 1 0.820513 0.6 0 0.037037 0.253968 0 0 0 0 0 0 0.253968 0.037037 0 0.6 0.820513 1 1 1 1 1 1 1 1 1 1 1 1 1 1 0.75 0.291667 0 
0 0.0833333 0.638889 1 1 1 1 1 1 1 1 1 1 1 1 1 1 1 1 1 0.571429 0.425926 0.222222 0.166667 0.0952381 0.0952381 0.166667 0.222222 0.425926 0.571429 1 1 1 1 1 1 1 1 1 1 1 1 1 1 1 1 1 0.638889 0.0833333 0 
0 0 0.25 1 1 1 1 1 1 1 1 1 1 1 1 1 1 1 1 1 0.949074 0.81746 0.833333 0.703704 0.733333 0.733333 0.703704 0.833333 0.81746 0.949074 1 1 1 1 1 1 1 1 1 1 1 1 1 1 1 1 1 0.25 0 0 
0 0 0 0.4 1 1 1 1 1 1 1 1 1 1 1 1 1 1 1 1 1 1 1 1 1 1 1 1 1 1 1 1 1 1 1 1 1 1 1 1 1 1 1 1 1 1 0.4 0 0 0 
0 0 0 0.25 0.777778 1 1 1 1 1 1 1 1 1 1 1 1 1 1 1 1 1 1 1 1 1 1 1 1 1 1 1 1 1 1 1 1 1 1 1 1 1 1 1 1 0.777778 0.25 0 0 0 
0 0 0 0.025641 0.377778 0.433333 1 1 1 1 1 1 1 1 1 1 1 1 1 1 1 1 1 1 1 1 1 1 1 1 1 1 1 1 1 1 1 1 1 1 1 1 1 1 0.433333 0.377778 0.025641 0 0 0 
0 0 0 0 0.125 0.333333 0.575758 1 1 1 1 1 1 1 1 1 1 1 1 1 1 1 1 1 1 1 1 1 1 1 1 1 1 1 1 1 1 1 1 1 1 1 1 0.575758 0.333333 0.125 0 0 0 0 
0 0 0 0 0 0.142857 0.333333 0.444444 1 1 1 1 1 1 1 1 1 1 1 1 1 1 1 1 1 1 1 1 1 1 1 1 1 1 1 1 1 1 1 1 1 1 0.444444 0.333333 0.142857 0 0 0 0 0 
0 0 0 0 0 0 0.0555556 0.708333 0.444444 1 1 1 1 1 1 1 1 1 1 1 1 1 1 1 1 1 1 1 1 1 1 1 1 1 1 1 1 1 1 1 1 0.444444 0.708333 0.0555556 0 0 0 0 0 0 
0 0 0 0 0 0 0 0.0555556 0.333333 0.575758 1 1 1 1 1 1 1 1 1 1 1 1 1 1 1 1 1 1 1 1 1 1 1 1 1 1 1 1 1 1 0.575758 0.333333 0.0555556 0 0 0 0 0 0 0 
0 0 0 0 0 0 0 0 0.142857 0.333333 0.433333 1 1 1 1 1 1 1 1 1 1 1 1 1 1 1 1 1 1 1 1 1 1 1 1 1 1 1 1 0.433333 0.333333 0.142857 0 0 0 0 0 0 0 0 
0 0 0 0 0 0 0 0 0 0.125 0.377778 0.777778 1 1 1 1 1 1 1 1 1 1 1 1 1 1 1 1 1 1 1 1 1 1 1 1 1 1 0.777778 0.377778 0.125 0 0 0 0 0 0 0 0 0 
0 0 0 0 0 0 0 0 0 0 0.025641 0.25 0.4 1 1 1 1 1 1 1 1 1 1 1 1 1 1 1 1 1 1 1 1 1 1 1 1 0.4 0.25 0.025641 0 0 0 0 0 0 0 0 0 0 
0 0 0 0 0 0 0 0 0 0 0 0 0 0.25 0.638889 0.75 0.948718 1 1 1 1 1 1 1 1 1 1 1 1 1 1 1 1 0.948718 0.75 0.638889 0.25 0 0 0 0 0 0 0 0 0 0 0 0 0 
0 0 0 0 0 0 0 0 0 0 0 0 0 0 0.0833333 0.291667 0.296296 0.583333 0.866667 0.904762 1 1 1 1 1 1 1 1 1 1 0.904762 0.866667 0.583333 0.296296 0.291667 0.0833333 0 0 0 0 0 0 0 0 0 0 0 0 0 0 
0 0 0 0 0 0 0 0 0 0 0 0 0 0 0 0 0.0909091 0.2 0.261905 0.305556 0.666667 0.633333 0.6 0.555556 0.5 0.5 0.555556 0.6 0.633333 0.666667 0.305556 0.261905 0.2 0.0909091 0 0 0 0 0 0 0 0 0 0 0 0 0 0 0 0 
