0 0 0 0 0.229167 0.333333 0.3125 0.515152 1 1 1 1 1 1 1 1 1 1 1 1 1 1 1 1 1 1 1 1 1 1 1 1 1 1 1 1 1 1 1 1 1 1 0.515152 0.3125 0.333333 0.229167 0 0 0 0 
0 0 0 0.037037 0.2 0.388889 1 1 1 1 1 1 1 1 1 1 1 1 1 1 1 1 1 1 1 1 1 1 1 1 1 1 1 1 1 1 1 1 1 1 1 1 1 1 0.388889 0.2 0.037037 0 0 0 
0 0 0.111111 0.132275 0.5 0.75 1 1 1 1 1 1 1 1 1 1 1 1 1 1 1 1 1 1 1 1 1 1 1 1 1 1 1 1 1 1 1 1 1 1 1 1 1 1 0.75 0.5 0.132275 0.111111 0 0 
0 0.037037 0.132275 0.833333 0.966667 1 1 1 1 1 1 1 1 1 1 1 1 1 1 1 1 1 1 1 1 1 1 1 1 1 1 1 1 1 1 1 1 1 1 1 1 1 1 1 1 0.966667 0.833333 0.132275 0.037037 0 
0.229167 0.2 0.5 0.966667 1 1 1 1 1 1 1 1 1 1 1 1 1 1 1 1 1 1 1 1 1 1 1 1 1 1 1 1 1 1 1 1 1 1 1 1 1 1 1 1 1 1 0.966667 0.5 0.2 0.229167 
0.333333 0.388889 0.75 1 1 1 1 1 1 1 1 1 1 1 1 1 1 1 1 1 1 1 1 1 1 1 1 1 1 1 1 1 1 1 1 1 1 1 1 1 1 1 1 1 1 1 1 0.75 0.388889 0.333333 
0.3125 1 1 1 1 1 1 1 1 1 1 1 1 1 1 1 1 1 1 1 1 1 1 0.965812 0.911111 0.911111 0.965812 1 1 1 1 1 1 1 1 1 1 1 1 1 1 1 1 1 1 1 1 1 1 0.3125 
0.515152 1 1 1 1 1 1 1 1 1 1 1 1 1 1 1 1 1 0.969136 0.9375 0.919192 0.857143 0.8 0.650794 0.555556 0.555556 0.650794 0.8 0.857143 0.919192 0.9375 0.969136 1 1 1 1 1 1 1 1 1 1 1 1 1 1 1 1 1 0.515152 
1 1 1 1 1 1 1 1 1 1 1 1 1 1 1 1 1 1 0.792593 0.638889 0.483092 0.376068 0.266667 0.121212 0.115942 0.115942 0.121212 0.266667 0.376068 0.483092 0.638889 0.792593 1 1 1 1 1 1 1 1 1 1 1 1 1 1 1 1 1 1 
1 1 1 1 1 1 1 1 1 1 1 1 1 1 1 1 0.833333 0 0.290598 0.222222 0.0246914 0 0 0 0 0 0 0 0 0.0246914 0.222222 0.290598 0 0.833333 1 1 1 1 1 1 1 1 1 1 1 1 1 1 1 1 
1 1 1 1 1 1 1 1 1 1 1 1 1 0.933333 0.761905 0.366667 0 0 0 0 0 0 0 0 0 0 0 0 0 0 0 0 0 0 0.366667 0.761905 0.933333 1 1 1 1 1 1 1 1 1 1 1 1 1 
1 1 1 1 1 1 1 1 1 1 1 1 1 0.666667 0.511111 0 0 0 0 0 0 0 0 0 0 0 0 0 0 0 0 0 0 0 0 0.511111 0.666667 1 1 1 1 1 1 1 1 1 1 1 1 1 
1 1 1 1 1 1 1 1 1 1 1 1 0.533333 0.459259 0.111111 0 0 0 0 0 0 0 0 0 0 0 0 0 0 0 0 0 0 0 0 0.111111 0.459259 0.533333 1 1 1 1 1 1 1 1 1 1 1 1 
1 1 1 1 1 1 1 1 1 1 0.933333 0.666667 0.459259 0 0 0 0 0 0 0 0 0 0 0 0 0 0 0 0 0 0 0 0 0 0 0 0 0.459259 0.666667 0.933333 1 1 1 1 1 1 1 1 1 1 
1 1 1 1 1 1 1 1 1 1 0.761905 0.511111 0.111111 0 0 0 0 0 0 0 0 0 0 0 0 0 0 0 0 0 0 0 0 0 0 0 0 0.111111 0.511111 0.761905 1 1 1 1 1 1 1 1 1 1 
1 1 1 1 1 1 1 1 1 1 0.366667 0 0 0 0 0 0 0 0 0 0 0 0 0 0 0 0 0 0 0 0 0 0 0 0 0 0 0 0 0.366667 1 1 1 1 1 1 1 1 1 1 
1 1 1 1 1 1 1 1 1 0.833333 0 0 0 0 0 0 0 0 0 0 0 0 0 0 0 0 0 0 0 0 0 0 0 0 0 0 0 0 0 0 0.833333 1 1 1 1 1 1 1 1 1 
1 1 1 1 1 1 1 1 1 0 0 0 0 0 0 0 0 0 0 0 0 0 0 0 0 0 0 0 0 0 0 0 0 0 0 0 0 0 0 0 0 1 1 1 1 1 1 1 1 1 
1 1 1 1 1 1 1 0.969136 0.792593 0.290598 0 0 0 0 0 0 0 0 0 0 0 0 0.111111 0.266667 0.285714 0.285714 0.266667 0.111111 0 0 0 0 0 0 0 0 0 0 0 0 0.290598 0.792593 0.969136 1 1 1 1 1 1 1 
1 1 1 1 1 1 1 0.9375 0.638889 0.222222 0 0 0 0 0 0 0 0 0 0 0 0.789474 0.921569 0.888889 0.904762 0.904762 0.888889 0.921569 0.789474 0 0 0 0 0 0 0 0 0 0 0 0.222222 0.638889 0.9375 1 1 1 1 1 1 1 
1 1 1 1 1 1 1 0.919192 0.483092 0.0246914 0 0 0 0 0 0 0 0 0 0 0.857143 1 1 1 1 1 1 1 1 0.857143 0 0 0 0 0 0 0 0 0 0 0.0246914 0.483092 0.919192 1 1 1 1 1 1 1 
1 1 1 1 1 1 1 0.857143 0.376068 0 0 0 0 0 0 0 0 0 0 0.789474 1 1 1 1 1 1 1 1 1 1 0.789474 0 0 0 0 0 0 0 0 0 0 0.376068 0.857143 1 1 1 1 1 1 1 
1 1 1 1 1 1 1 0.8 0.266667 0 0 0 0 0 0 0 0 0 0.111111 0.921569 1 1 1 1 1 1 1 1 1 1 0.921569 0.111111 0 0 0 0 0 0 0 0 0 0.266667 0.8 1 1 1 1 1 1 1 
1 1 1 1 1 1 0.965812 0.650794 0.121212 0 0 0 0 0 0 0 0 0 0.266667 0.888889 1 1 1 1 1 1 1 1 1 1 0.888889 0.266667 0 0 0 0 0 0 0 0 0 0.121212 0.650794 0.965812 1 1 1 1 1 1 
1 1 1 1 1 1 0.911111 0.555556 0.115942 0 0 0 0 0 0 0 0 0 0.285714 0.904762 1 1 1 1 1 1 1 1 1 1 0.904762 0.285714 0 0 0 0 0 0 0 0 0 0.115942 0.555556 0.911111 1 1 1 1 1 1 
1 1 1 1 1 1 0.911111 0.555556 0.115942 0 0 0 0 0 0 0 0 0 0.285714 0.904762 1 1 1 1 1 1 1 1 1 1 0.904762 0.285714 0 0 0 0 0 0 0 0 0 0.115942 0.555556 0.911111 1 1 1 1 1 1 
1 1 1 1 1 1 0.965812 0.650794 0.121212 0 0 0 0 0 0 0 0 0 0.266667 0.888889 1 1 1 1 1 1 1 1 1 1 0.888889 0.266667 0 0 0 0 0 0 0 0 0 0.121212 0.650794 0.965812 1 1 1 1 1 1 
1 1 1 1 1 1 1 0.8 0.266667 0 0 0 0 0 0 0 0 0 0.111111 0.921569 1 1 1 1 1 1 1 1 1 1 0.921569 0.111111 0 0 0 0 0 0 0 0 0 0.266667 0.8 1 1 1 1 1 1 1 
1 1 1 1 1 1 1 0.857143 0.376068 0 0 0 0 0 0 0 0 0 0 0.789474 1 1 1 1 1 1 1 1 1 1 0.789474 0 0 0 0 0 0 0 0 0 0 0.376068 0.857143 1 1 1 1 1 1 1 
1 1 1 1 1 1 1 0.919192 0.483092 0.0246914 0 0 0 0 0 0 0 0 0 0 0.857143 1 1 1 1 1 1 1 1 0.857143 0 0 0 0 0 0 0 0 0 0 0.0246914 0.483092 0.919192 1 1 1 1 1 1 1 
1 1 1 1 1 1 1 0.9375 0.638889 0.222222 0 0 0 0 0 0 0 0 0 0 0 0.789474 0.921569 0.888889 0.904762 0.904762 0.888889 0.921569 0.789474 0 0 0 0 0 0 0 0 0 0 0 0.222222 0.638889 0.9375 1 1 1 1 1 1 1 
1 1 1 1 1 1 1 0.969136 0.792593 0.290598 0 0 0 0 0 0 0 0 0 0 0 0 0.111111 0.266667 0.285714 0.285714 0.266667 0.111111 0 0 0 0 0 0 0 0 0 0 0 0 0.290598 0.792593 0.969136 1 1 1 1 1 1 1 
1 1 1 1 1 1 1 1 1 0 0 0 0 0 0 0 0 0 0 0 0 0 0 0 0 0 0 0 0 0 0 0 0 0 0 0 0 0 0 0 0 1 1 1 1 1 1 1 1 1 
1 1 1 1 1 1 1 1 1 0.833333 0 0 0 0 0 0 0 0 0 0 0 0 0 0 0 0 0 0 0 0 0 0 0 0 0 0 0 0 0 0 0.833333 1 1 1 1 1 1 1 1 1 
1 1 1 1 1 1 1 1 1 1 0.366667 0 0 0 0 0 0 0 0 0 0 0 0 0 0 0 0 0 0 0 0 0 0 0 0 0 0 0 0 0.366667 1 1 1 1 1 1 1 1 1 1 
1 1 1 1 1 1 1 1 1 1 0.761905 0.511111 0.111111 0 0 0 0 0 0 0 0 0 0 0 0 0 0 0 0 0 0 0 0 0 0 0 0 0.111111 0.511111 0.761905 1 1 1 1 1 1 1 1 1 1 
1 1 1 1 1 1 1 1 1 1 0.933333 0.666667 0.459259 0 0 0 0 0 0 0 0 0 0 0 0 0 0 0 0 0 0 0 0 0 0 0 0 0.459259 0.666667 0.933333 1 1 1 1 1 1 1 1 1 1 
1 1 1 1 1 1 1 1 1 1 1 1 0.533333 0.459259 0.111111 0 0 0 0 0 0 0 0 0 0 0 0 0 0 0 0 0 0 0 0 0.111111 0.459259 0.533333 1 1 1 1 1 1 1 1 1 1 1 1 
1 1 1 1 1 1 1 1 1 1 1 1 1 0.666667 0.511111 0 0 0 0 0 0 0 0 0 0 0 0 0 0 0 0 0 0 0 0 0.511111 0.666667 1 1 1 1 1 1 1 1 1 1 1 1 1 
1 1 1 1 1 1 1 1 1 1 1 1 1 0.933333 0.761905 0.366667 0 0 0 0 0 0 0 0 0 0 0 0 0 0 0 0 0 0 0.366667 0.761905 0.933333 1 1 1 1 1 1 1 1 1 1 1 1 1 
1 1 1 1 1 1 1 1 1 1 1 1 1 1 1 1 0.833333 0 0.290598 0.222222 0.0246914 0 0 0 0 0 0 0 0 0.0246914 0.222222 0.290598 0 0.833333 1 1 1 1 1 1 1 1 1 1 1 1 1 1 1 1 
1 1 1 1 1 1 1 1 1 1 1 1 1 1 1 1 1 1 0.792593 0.638889 0.483092 0.376068 0.266667 0.121212 0.115942 0.115942 0.121212 0.266667 0.376068 0.483092 0.638889 0.792593 1 1 1 1 1 1 1 1 1 1 1 1 1 1 1 1 1 1 
0.515152 1 1 1 1 1 1 1 1 1 1 1 1 1 1 1 1 1 0.969136 0.9375 0.919192 0.857143 0.8 0.650794 0.555556 0.555556 0.650794 0.8 0.857143 0.919192 0.9375 0.969136 1 1 1 1 1 1 1 1 1 1 1 1 1 1 1 1 1 0.515152 
0.3125 1 1 1 1 1 1 1 1 1 1 1 1 1 1 1 1 1 1 1 1 1 1 0.965812 0.911111 0.911111 0.965812 1 1 1 1 1 1 1 1 1 1 1 1 1 1 1 1 1 1 1 1 1 1 0.3125 
0.333333 0.388889 0.75 1 1 1 1 1 1 1 1 1 1 1 1 1 1 1 1 1 1 1 1 1 1 1 1 1 1 1 1 1 1 1 1 1 1 1 1 1 1 1 1 1 1 1 1 0.75 0.388889 0.333333 
0.229167 0.2 0.5 0.966667 1 1 1 1 1 1 1 1 1 1 1 1 1 1 1 1 1 1 1 1 1 1 1 1 1 1 1 1 1 1 1 1 1 1 1 1 1 1 1 1 1 1 0.966667 0.5 0.2 0.229167 
0 0.037037 0.132275 0.833333 0.966667 1 1 1 1 1 1 1 1 1 1 1 1 1 1 1 1 1 1 1 1 1 1 1 1 1 1 1 1 1 1 1 1 1 1 1 1 1 1 1 1 0.966667 0.833333 0.132275 0.037037 0 
0 0 0.111111 0.132275 0.5 0.75 1 1 1 1 1 1 1 1 1 1 1 1 1 1 1 1 1 1 1 1 1 1 1 1 1 1 1 1 1 1 1 1 1 1 1 1 1 1 0.75 0.5 0.132275 0.111111 0 0 
0 0 0 0.037037 0.2 0.388889 1 1 1 1 1 1 1 1 1 1 1 1 1 1 1 1 1 1 1 1 1 1 1 1 1 1 1 1 1 1 1 1 1 1 1 1 1 1 0.388889 0.2 0.037037 0 0 0 
0 0 0 0 0.229167 0.333333 0.3125 0.515152 1 1 1 1 1 1 1 1 1 1 1 1 1 1 1 1 1 1 1 1 1 1 1 1 1 1 1 1 1 1 1 1 1 1 0.515152 0.3125 0.333333 0.229167 0 0 0 0 
