1 1 1 1 1 1 1 1 1 1 1 1 1 1 1 1 1 1 1 1 1 1 1 0.984127 0.944444 0.944444 0.984127 1 1 1 1 1 1 1 1 1 1 1 1 1 1 1 1 1 1 1 1 1 1 1 
1 1 1 1 1 1 1 1 1 1 1 1 1 1 1 1 1 0.990741 0.948718 0.930556 0.9 0.854701 0.8 0.7 0.666667 0.666667 0.7 0.8 0.854701 0.9 0.930556 0.948718 0.990741 1 1 1 1 1 1 1 1 1 1 1 1 1 1 1 1 1 
1 1 1 1 1 1 1 1 1 1 1 1 1 1 1 0.958333 0.923077 0.814815 0.645833 0.54321 0.459259 0.457516 0.266667 0.141414 0.177778 0.177778 0.141414 0.266667 0.457516 0.459259 0.54321 0.645833 0.814815 0.923077 0.958333 1 1 1 1 1 1 1 1 1 1 1 1 1 1 1 
1 1 1 1 1 1 1 1 1 1 1 1 1 1 1 0.577778 0.547009 0.376068 0.15873 0.0740741 0.0522876 0.0701754 0 0 0 0 0 0 0.0701754 0.0522876 0.0740741 0.15873 0.376068 0.547009 0.577778 1 1 1 1 1 1 1 1 1 1 1 1 1 1 1 
1 1 1 1 1 1 1 1 1 1 0.965812 1 0.979167 0.875 0 0 0.0987654 0 0 0 0 0 0 0 0 0 0 0 0 0 0 0 0 0.0987654 0 0 0.875 0.979167 1 0.965812 1 1 1 1 1 1 1 1 1 1 
1 1 1 1 1 1 1 1 1 0.966667 0.863636 0.694444 0.133333 0 0 0 0 0 0 0 0 0 0 0 0 0 0 0 0 0 0 0 0 0 0 0 0 0.133333 0.694444 0.863636 0.966667 1 1 1 1 1 1 1 1 1 
1 1 1 1 1 1 1 1 1 0.866667 0.666667 0.575758 0 0 0 0 0 0 0 0 0 0 0 0 0 0 0 0 0 0 0 0 0 0 0 0 0 0 0.575758 0.666667 0.866667 1 1 1 1 1 1 1 1 1 
1 1 1 1 1 1 1 1 0.657407 0.54321 0.333333 0 0 0 0 0 0 0 0 0 0 0 0 0 0 0 0 0 0 0 0 0 0 0 0 0 0 0 0 0.333333 0.54321 0.657407 1 1 1 1 1 1 1 1 
1 1 1 1 1 1 1 0.657407 0.448802 0.411523 0.0277778 0 0 0 0 0 0 0 0 0 0 0 0 0 0 0 0 0 0 0 0 0 0 0 0 0 0 0 0 0.0277778 0.411523 0.448802 0.657407 1 1 1 1 1 1 1 
1 1 1 1 1 0.966667 0.866667 0.54321 0.411523 0 0 0 0 0 0 0 0 0 0 0 0 0 0 0 0 0 0 0 0 0 0 0 0 0 0 0 0 0 0 0 0 0.411523 0.54321 0.866667 0.966667 1 1 1 1 1 
1 1 1 1 0.965812 0.863636 0.666667 0.333333 0.0277778 0 0 0 0 0 0 0 0 0 0 0 0 0 0 0 0 0 0 0 0 0 0 0 0 0 0 0 0 0 0 0 0 0.0277778 0.333333 0.666667 0.863636 0.965812 1 1 1 1 
1 1 1 1 1 0.694444 0.575758 0 0 0 0 0 0 0 0 0 0 0 0 0 0 0 0 0 0 0 0 0 0 0 0 0 0 0 0 0 0 0 0 0 0 0 0 0.575758 0.694444 1 1 1 1 1 
1 1 1 1 0.979167 0.133333 0 0 0 0 0 0 0 0 0 0 0 0 0 0 0.0634921 0.2 0.2 0.266667 0.333333 0.333333 0.266667 0.2 0.2 0.0634921 0 0 0 0 0 0 0 0 0 0 0 0 0 0 0.133333 0.979167 1 1 1 1 
1 1 1 1 0.875 0 0 0 0 0 0 0 0 0 0 0 0 0 0.166667 0.587302 0.416667 0.634921 0.777778 0.925926 0.866667 0.866667 0.925926 0.777778 0.634921 0.416667 0.587302 0.166667 0 0 0 0 0 0 0 0 0 0 0 0 0 0.875 1 1 1 1 
1 1 1 1 0 0 0 0 0 0 0 0 0 0 0 0 0 0 1 1 0.873016 0.962963 1 1 1 1 1 1 0.962963 0.873016 1 1 0 0 0 0 0 0 0 0 0 0 0 0 0 0 1 1 1 1 
1 1 0.958333 0.577778 0 0 0 0 0 0 0 0 0 0 0 0 0 0.538462 1 1 1 1 1 1 1 1 1 1 1 1 1 1 0.538462 0 0 0 0 0 0 0 0 0 0 0 0 0 0.577778 0.958333 1 1 
1 1 0.923077 0.547009 0.0987654 0 0 0 0 0 0 0 0 0 0 0 1 1 1 1 1 1 1 1 1 1 1 1 1 1 1 1 1 1 0 0 0 0 0 0 0 0 0 0 0 0.0987654 0.547009 0.923077 1 1 
1 0.990741 0.814815 0.376068 0 0 0 0 0 0 0 0 0 0 0 0.538462 1 1 1 1 1 1 1 1 1 1 1 1 1 1 1 1 1 1 0.538462 0 0 0 0 0 0 0 0 0 0 0 0.376068 0.814815 0.990741 1 
1 0.948718 0.645833 0.15873 0 0 0 0 0 0 0 0 0 0.166667 1 1 1 1 1 1 1 1 1 1 1 1 1 1 1 1 1 1 1 1 1 1 0.166667 0 0 0 0 0 0 0 0 0 0.15873 0.645833 0.948718 1 
1 0.930556 0.54321 0.0740741 0 0 0 0 0 0 0 0 0 0.587302 1 1 1 1 1 1 1 1 1 1 1 1 1 1 1 1 1 1 1 1 1 1 0.587302 0 0 0 0 0 0 0 0 0 0.0740741 0.54321 0.930556 1 
1 0.9 0.459259 0.0522876 0 0 0 0 0 0 0 0 0.0634921 0.416667 0.873016 1 1 1 1 1 1 1 1 1 1 1 1 1 1 1 1 1 1 1 1 0.873016 0.416667 0.0634921 0 0 0 0 0 0 0 0 0.0522876 0.459259 0.9 1 
1 0.854701 0.457516 0.0701754 0 0 0 0 0 0 0 0 0.2 0.634921 0.962963 1 1 1 1 1 1 1 1 1 1 1 1 1 1 1 1 1 1 1 1 0.962963 0.634921 0.2 0 0 0 0 0 0 0 0 0.0701754 0.457516 0.854701 1 
1 0.8 0.266667 0 0 0 0 0 0 0 0 0 0.2 0.777778 1 1 1 1 1 1 1 1 1 1 1 1 1 1 1 1 1 1 1 1 1 1 0.777778 0.2 0 0 0 0 0 0 0 0 0 0.266667 0.8 1 
0.984127 0.7 0.141414 0 0 0 0 0 0 0 0 0 0.266667 0.925926 1 1 1 1 1 1 1 1 1 1 1 1 1 1 1 1 1 1 1 1 1 1 0.925926 0.266667 0 0 0 0 0 0 0 0 0 0.141414 0.7 0.984127 
0.944444 0.666667 0.177778 0 0 0 0 0 0 0 0 0 0.333333 0.866667 1 1 1 1 1 1 1 1 1 1 1 1 1 1 1 1 1 1 1 1 1 1 0.866667 0.333333 0 0 0 0 0 0 0 0 0 0.177778 0.666667 0.944444 
0.944444 0.666667 0.177778 0 0 0 0 0 0 0 0 0 0.333333 0.866667 1 1 1 1 1 1 1 1 1 1 1 1 1 1 1 1 1 1 1 1 1 1 0.866667 0.333333 0 0 0 0 0 0 0 0 0 0.177778 0.666667 0.944444 
0.984127 0.7 0.141414 0 0 0 0 0 0 0 0 0 0.266667 0.925926 1 1 1 1 1 1 1 1 1 1 1 1 1 1 1 1 1 1 1 1 1 1 0.925926 0.266667 0 0 0 0 0 0 0 0 0 0.141414 0.7 0.984127 
1 0.8 0.266667 0 0 0 0 0 0 0 0 0 0.2 0.777778 1 1 1 1 1 1 1 1 1 1 1 1 1 1 1 1 1 1 1 1 1 1 0.777778 0.2 0 0 0 0 0 0 0 0 0 0.266667 0.8 1 
1 0.854701 0.457516 0.0701754 0 0 0 0 0 0 0 0 0.2 0.634921 0.962963 1 1 1 1 1 1 1 1 1 1 1 1 1 1 1 1 1 1 1 1 0.962963 0.634921 0.2 0 0 0 0 0 0 0 0 0.0701754 0.457516 0.854701 1 
1 0.9 0.459259 0.0522876 0 0 0 0 0 0 0 0 0.0634921 0.416667 0.873016 1 1 1 1 1 1 1 1 1 1 1 1 1 1 1 1 1 1 1 1 0.873016 0.416667 0.0634921 0 0 0 0 0 0 0 0 0.0522876 0.459259 0.9 1 
1 0.930556 0.54321 0.0740741 0 0 0 0 0 0 0 0 0 0.587302 1 1 1 1 1 1 1 1 1 1 1 1 1 1 1 1 1 1 1 1 1 1 0.587302 0 0 0 0 0 0 0 0 0 0.0740741 0.54321 0.930556 1 
1 0.948718 0.645833 0.15873 0 0 0 0 0 0 0 0 0 0.166667 1 1 1 1 1 1 1 1 1 1 1 1 1 1 1 1 1 1 1 1 1 1 0.166667 0 0 0 0 0 0 0 0 0 0.15873 0.645833 0.948718 1 
1 0.990741 0.814815 0.376068 0 0 0 0 0 0 0 0 0 0 0 0.538462 1 1 1 1 1 1 1 1 1 1 1 1 1 1 1 1 1 1 0.538462 0 0 0 0 0 0 0 0 0 0 0 0.376068 0.814815 0.990741 1 
1 1 0.923077 0.547009 0.0987654 0 0 0 0 0 0 0 0 0 0 0 1 1 1 1 1 1 1 1 1 1 1 1 1 1 1 1 1 1 0 0 0 0 0 0 0 0 0 0 0 0.0987654 0.547009 0.923077 1 1 
1 1 0.958333 0.577778 0 0 0 0 0 0 0 0 0 0 0 0 0 0.538462 1 1 1 1 1 1 1 1 1 1 1 1 1 1 0.538462 0 0 0 0 0 0 0 0 0 0 0 0 0 0.577778 0.958333 1 1 
1 1 1 1 0 0 0 0 0 0 0 0 0 0 0 0 0 0 1 1 0.873016 0.962963 1 1 1 1 1 1 0.962963 0.873016 1 1 0 0 0 0 0 0 0 0 0 0 0 0 0 0 1 1 1 1 
1 1 1 1 0.875 0 0 0 0 0 0 0 0 0 0 0 0 0 0.166667 0.587302 0.416667 0.634921 0.777778 0.925926 0.866667 0.866667 0.925926 0.777778 0.634921 0.416667 0.587302 0.166667 0 0 0 0 0 0 0 0 0 0 0 0 0 0.875 1 1 1 1 
1 1 1 1 0.979167 0.133333 0 0 0 0 0 0 0 0 0 0 0 0 0 0 0.0634921 0.2 0.2 0.266667 0.333333 0.333333 0.266667 0.2 0.2 0.0634921 0 0 0 0 0 0 0 0 0 0 0 0 0 0 0.133333 0.979167 1 1 1 1 
1 1 1 1 1 0.694444 0.575758 0 0 0 0 0 0 0 0 0 0 0 0 0 0 0 0 0 0 0 0 0 0 0 0 0 0 0 0 0 0 0 0 0 0 0 0 0.575758 0.694444 1 1 1 1 1 
1 1 1 1 0.965812 0.863636 0.666667 0.333333 0.0277778 0 0 0 0 0 0 0 0 0 0 0 0 0 0 0 0 0 0 0 0 0 0 0 0 0 0 0 0 0 0 0 0 0.0277778 0.333333 0.666667 0.863636 0.965812 1 1 1 1 
1 1 1 1 1 0.966667 0.866667 0.54321 0.411523 0 0 0 0 0 0 0 0 0 0 0 0 0 0 0 0 0 0 0 0 0 0 0 0 0 0 0 0 0 0 0 0 0.411523 0.54321 0.866667 0.966667 1 1 1 1 1 
1 1 1 1 1 1 1 0.657407 0.448802 0.411523 0.0277778 0 0 0 0 0 0 0 0 0 0 0 0 0 0 0 0 0 0 0 0 0 0 0 0 0 0 0 0 0.0277778 0.411523 0.448802 0.657407 1 1 1 1 1 1 1 
1 1 1 1 1 1 1 1 0.657407 0.54321 0.333333 0 0 0 0 0 0 0 0 0 0 0 0 0 0 0 0 0 0 0 0 0 0 0 0 0 0 0 0 0.333333 0.54321 0.657407 1 1 1 1 1 1 1 1 
1 1 1 1 1 1 1 1 1 0.866667 0.666667 0.575758 0 0 0 0 0 0 0 0 0 0 0 0 0 0 0 0 0 0 0 0 0 0 0 0 0 0 0.575758 0.666667 0.866667 1 1 1 1 1 1 1 1 1 
1 1 1 1 1 1 1 1 1 0.966667 0.863636 0.694444 0.133333 0 0 0 0 0 0 0 0 0 0 0 0 0 0 0 0 0 0 0 0 0 0 0 0 0.133333 0.694444 0.863636 0.966667 1 1 1 1 1 1 1 1 1 
1 1 1 1 1 1 1 1 1 1 0.965812 1 0.979167 0.875 0 0 0.0987654 0 0 0 0 0 0 0 0 0 0 0 0 0 0 0 0 0.0987654 0 0 0.875 0.979167 1 0.965812 1 1 1 1 1 1 1 1 1 1 
1 1 1 1 1 1 1 1 1 1 1 1 1 1 1 0.577778 0.547009 0.376068 0.15873 0.0740741 0.0522876 0.0701754 0 0 0 0 0 0 0.0701754 0.0522876 0.0740741 0.15873 0.376068 0.547009 0.577778 1 1 1 1 1 1 1 1 1 1 1 1 1 1 1 
1 1 1 1 1 1 1 1 1 1 1 1 1 1 1 0.958333 0.923077 0.814815 0.645833 0.54321 0.459259 0.457516 0.266667 0.141414 0.177778 0.177778 0.141414 0.266667 0.457516 0.459259 0.54321 0.645833 0.814815 0.923077 0.958333 1 1 1 1 1 1 1 1 1 1 1 1 1 1 1 
1 1 1 1 1 1 1 1 1 1 1 1 1 1 1 1 1 0.990741 0.948718 0.930556 0.9 0.854701 0.8 0.7 0.666667 0.666667 0.7 0.8 0.854701 0.9 0.930556 0.948718 0.990741 1 1 1 1 1 1 1 1 1 1 1 1 1 1 1 1 1 
1 1 1 1 1 1 1 1 1 1 1 1 1 1 1 1 1 1 1 1 1 1 1 0.984127 0.944444 0.944444 0.984127 1 1 1 1 1 1 1 1 1 1 1 1 1 1 1 1 1 1 1 1 1 1 1 
