1 1 1 1 1 1 0.944444 0.863248 0.416667 0 0 0 0 0 0 0 0 0 0 0 0 0 0 0 0 0 0 0 0 0 0 0 0 0 0 0 0 0 0 0 0 0.416667 0.863248 0.944444 1 1 1 1 1 1 
1 1 1 1 1 0.966667 0.761905 0.677249 0.392157 0 0 0 0 0 0 0 0 0 0 0 0 0 0 0 0 0 0 0 0 0 0 0 0 0 0 0 0 0 0 0 0 0.392157 0.677249 0.761905 0.966667 1 1 1 1 1 
1 1 1 1 0.874644 0.726852 0.533333 0 0 0 0 0 0 0 0 0 0 0 0 0 0 0 0 0 0 0 0 0 0 0 0 0 0 0 0 0 0 0 0 0 0 0 0 0.533333 0.726852 0.874644 1 1 1 1 
1 1 1 1 0.588477 0.5 0.20202 0 0 0 0 0 0 0 0 0 0 0 0 0 0 0 0 0 0 0 0 0 0 0 0 0 0 0 0 0 0 0 0 0 0 0 0 0.20202 0.5 0.588477 1 1 1 1 
1 1 0.874644 0.588477 0.111111 0.279835 0 0 0 0 0 0 0 0 0 0 0 0 0 0 0 0 0 0 0 0 0 0 0 0 0 0 0 0 0 0 0 0 0 0 0 0 0 0 0.279835 0.111111 0.588477 0.874644 1 1 
1 0.966667 0.726852 0.5 0.279835 0 0 0 0 0 0 0 0 0 0 0 0 0 0 0 0 0 0 0.031746 0.0888889 0.0888889 0.031746 0 0 0 0 0 0 0 0 0 0 0 0 0 0 0 0 0 0 0.279835 0.5 0.726852 0.966667 1 
0.944444 0.761905 0.533333 0.20202 0 0 0 0 0 0 0 0 0 0 0 0 0 0.00854701 0.0261438 0.0793651 0.0833333 0.133333 0.266667 0.350427 0.444444 0.444444 0.350427 0.266667 0.133333 0.0833333 0.0793651 0.0261438 0.00854701 0 0 0 0 0 0 0 0 0 0 0 0 0 0.20202 0.533333 0.761905 0.944444 
0.863248 0.677249 0 0 0 0 0 0 0 0 0 0 0 0 0 0.0666667 0.190476 0.0634921 0.259259 0.451389 0.464646 0.714286 0.733333 0.904762 0.866667 0.866667 0.904762 0.733333 0.714286 0.464646 0.451389 0.259259 0.0634921 0.190476 0.0666667 0 0 0 0 0 0 0 0 0 0 0 0 0 0.677249 0.863248 
0.416667 0.392157 0 0 0 0 0 0 0 0 0 0 0 0 0.307692 0.5625 0.5 0.9 0.659259 0.805556 0.942029 1 1 1 1 1 1 1 1 0.942029 0.805556 0.659259 0.9 0.5 0.5625 0.307692 0 0 0 0 0 0 0 0 0 0 0 0 0.392157 0.416667 
0 0 0 0 0 0 0 0 0 0 0 0 0 0 0.472222 0.833333 1 1 1 1 1 1 1 1 1 1 1 1 1 1 1 1 1 1 0.833333 0.472222 0 0 0 0 0 0 0 0 0 0 0 0 0 0 
0 0 0 0 0 0 0 0 0 0 0 0 0 0.2 1 1 1 1 1 1 1 1 1 1 1 1 1 1 1 1 1 1 1 1 1 1 0.2 0 0 0 0 0 0 0 0 0 0 0 0 0 
0 0 0 0 0 0 0 0 0 0 0 0.125 0 0.833333 1 1 1 1 1 1 1 1 1 1 1 1 1 1 1 1 1 1 1 1 1 1 0.833333 0 0.125 0 0 0 0 0 0 0 0 0 0 0 
0 0 0 0 0 0 0 0 0 0 0 0 1 1 1 1 1 1 1 1 1 1 1 1 1 1 1 1 1 1 1 1 1 1 1 1 1 1 0 0 0 0 0 0 0 0 0 0 0 0 
0 0 0 0 0 0 0 0 0 0 0.2 0.833333 1 1 1 1 1 1 1 1 1 1 1 1 1 1 1 1 1 1 1 1 1 1 1 1 1 1 0.833333 0.2 0 0 0 0 0 0 0 0 0 0 
0 0 0 0 0 0 0 0 0.307692 0.472222 1 1 1 1 1 1 1 1 1 1 1 1 1 1 1 1 1 1 1 1 1 1 1 1 1 1 1 1 1 1 0.472222 0.307692 0 0 0 0 0 0 0 0 
0 0 0 0 0 0 0 0.0666667 0.5625 0.833333 1 1 1 1 1 1 1 1 1 1 1 1 1 1 1 1 1 1 1 1 1 1 1 1 1 1 1 1 1 1 0.833333 0.5625 0.0666667 0 0 0 0 0 0 0 
0 0 0 0 0 0 0 0.190476 0.5 1 1 1 1 1 1 1 1 1 1 1 1 1 1 1 1 1 1 1 1 1 1 1 1 1 1 1 1 1 1 1 1 0.5 0.190476 0 0 0 0 0 0 0 
0 0 0 0 0 0 0.00854701 0.0634921 0.9 1 1 1 1 1 1 1 1 1 1 1 1 1 1 1 1 1 1 1 1 1 1 1 1 1 1 1 1 1 1 1 1 0.9 0.0634921 0.00854701 0 0 0 0 0 0 
0 0 0 0 0 0 0.0261438 0.259259 0.659259 1 1 1 1 1 1 1 1 1 1 1 1 1 1 1 1 1 1 1 1 1 1 1 1 1 1 1 1 1 1 1 1 0.659259 0.259259 0.0261438 0 0 0 0 0 0 
0 0 0 0 0 0 0.0793651 0.451389 0.805556 1 1 1 1 1 1 1 1 1 1 1 1 1 1 0.722222 0.714286 0.714286 0.722222 1 1 1 1 1 1 1 1 1 1 1 1 1 1 0.805556 0.451389 0.0793651 0 0 0 0 0 0 
0 0 0 0 0 0 0.0833333 0.464646 0.942029 1 1 1 1 1 1 1 1 1 1 1 0.857143 0.666667 0 0.166667 0.105263 0.105263 0.166667 0 0.666667 0.857143 1 1 1 1 1 1 1 1 1 1 1 0.942029 0.464646 0.0833333 0 0 0 0 0 0 
0 0 0 0 0 0 0.133333 0.714286 1 1 1 1 1 1 1 1 1 1 1 1 0.666667 0 0 0 0 0 0 0 0 0.666667 1 1 1 1 1 1 1 1 1 1 1 1 0.714286 0.133333 0 0 0 0 0 0 
0 0 0 0 0 0 0.266667 0.733333 1 1 1 1 1 1 1 1 1 1 1 1 0 0 0 0 0 0 0 0 0 0 1 1 1 1 1 1 1 1 1 1 1 1 0.733333 0.266667 0 0 0 0 0 0 
0 0 0 0 0 0.031746 0.350427 0.904762 1 1 1 1 1 1 1 1 1 1 1 0.722222 0.166667 0 0 0 0 0 0 0 0 0.166667 0.722222 1 1 1 1 1 1 1 1 1 1 1 0.904762 0.350427 0.031746 0 0 0 0 0 
0 0 0 0 0 0.0888889 0.444444 0.866667 1 1 1 1 1 1 1 1 1 1 1 0.714286 0.105263 0 0 0 0 0 0 0 0 0.105263 0.714286 1 1 1 1 1 1 1 1 1 1 1 0.866667 0.444444 0.0888889 0 0 0 0 0 
0 0 0 0 0 0.0888889 0.444444 0.866667 1 1 1 1 1 1 1 1 1 1 1 0.714286 0.105263 0 0 0 0 0 0 0 0 0.105263 0.714286 1 1 1 1 1 1 1 1 1 1 1 0.866667 0.444444 0.0888889 0 0 0 0 0 
0 0 0 0 0 0.031746 0.350427 0.904762 1 1 1 1 1 1 1 1 1 1 1 0.722222 0.166667 0 0 0 0 0 0 0 0 0.166667 0.722222 1 1 1 1 1 1 1 1 1 1 1 0.904762 0.350427 0.031746 0 0 0 0 0 
0 0 0 0 0 0 0.266667 0.733333 1 1 1 1 1 1 1 1 1 1 1 1 0 0 0 0 0 0 0 0 0 0 1 1 1 1 1 1 1 1 1 1 1 1 0.733333 0.266667 0 0 0 0 0 0 
0 0 0 0 0 0 0.133333 0.714286 1 1 1 1 1 1 1 1 1 1 1 1 0.666667 0 0 0 0 0 0 0 0 0.666667 1 1 1 1 1 1 1 1 1 1 1 1 0.714286 0.133333 0 0 0 0 0 0 
0 0 0 0 0 0 0.0833333 0.464646 0.942029 1 1 1 1 1 1 1 1 1 1 1 0.857143 0.666667 0 0.166667 0.105263 0.105263 0.166667 0 0.666667 0.857143 1 1 1 1 1 1 1 1 1 1 1 0.942029 0.464646 0.0833333 0 0 0 0 0 0 
0 0 0 0 0 0 0.0793651 0.451389 0.805556 1 1 1 1 1 1 1 1 1 1 1 1 1 1 0.722222 0.714286 0.714286 0.722222 1 1 1 1 1 1 1 1 1 1 1 1 1 1 0.805556 0.451389 0.0793651 0 0 0 0 0 0 
0 0 0 0 0 0 0.0261438 0.259259 0.659259 1 1 1 1 1 1 1 1 1 1 1 1 1 1 1 1 1 1 1 1 1 1 1 1 1 1 1 1 1 1 1 1 0.659259 0.259259 0.0261438 0 0 0 0 0 0 
0 0 0 0 0 0 0.00854701 0.0634921 0.9 1 1 1 1 1 1 1 1 1 1 1 1 1 1 1 1 1 1 1 1 1 1 1 1 1 1 1 1 1 1 1 1 0.9 0.0634921 0.00854701 0 0 0 0 0 0 
0 0 0 0 0 0 0 0.190476 0.5 1 1 1 1 1 1 1 1 1 1 1 1 1 1 1 1 1 1 1 1 1 1 1 1 1 1 1 1 1 1 1 1 0.5 0.190476 0 0 0 0 0 0 0 
0 0 0 0 0 0 0 0.0666667 0.5625 0.833333 1 1 1 1 1 1 1 1 1 1 1 1 1 1 1 1 1 1 1 1 1 1 1 1 1 1 1 1 1 1 0.833333 0.5625 0.0666667 0 0 0 0 0 0 0 
0 0 0 0 0 0 0 0 0.307692 0.472222 1 1 1 1 1 1 1 1 1 1 1 1 1 1 1 1 1 1 1 1 1 1 1 1 1 1 1 1 1 1 0.472222 0.307692 0 0 0 0 0 0 0 0 
0 0 0 0 0 0 0 0 0 0 0.2 0.833333 1 1 1 1 1 1 1 1 1 1 1 1 1 1 1 1 1 1 1 1 1 1 1 1 1 1 0.833333 0.2 0 0 0 0 0 0 0 0 0 0 
0 0 0 0 0 0 0 0 0 0 0 0 1 1 1 1 1 1 1 1 1 1 1 1 1 1 1 1 1 1 1 1 1 1 1 1 1 1 0 0 0 0 0 0 0 0 0 0 0 0 
0 0 0 0 0 0 0 0 0 0 0 0.125 0 0.833333 1 1 1 1 1 1 1 1 1 1 1 1 1 1 1 1 1 1 1 1 1 1 0.833333 0 0.125 0 0 0 0 0 0 0 0 0 0 0 
0 0 0 0 0 0 0 0 0 0 0 0 0 0.2 1 1 1 1 1 1 1 1 1 1 1 1 1 1 1 1 1 1 1 1 1 1 0.2 0 0 0 0 0 0 0 0 0 0 0 0 0 
0 0 0 0 0 0 0 0 0 0 0 0 0 0 0.472222 0.833333 1 1 1 1 1 1 1 1 1 1 1 1 1 1 1 1 1 1 0.833333 0.472222 0 0 0 0 0 0 0 0 0 0 0 0 0 0 
0.416667 0.392157 0 0 0 0 0 0 0 0 0 0 0 0 0.307692 0.5625 0.5 0.9 0.659259 0.805556 0.942029 1 1 1 1 1 1 1 1 0.942029 0.805556 0.659259 0.9 0.5 0.5625 0.307692 0 0 0 0 0 0 0 0 0 0 0 0 0.392157 0.416667 
0.863248 0.677249 0 0 0 0 0 0 0 0 0 0 0 0 0 0.0666667 0.190476 0.0634921 0.259259 0.451389 0.464646 0.714286 0.733333 0.904762 0.866667 0.866667 0.904762 0.733333 0.714286 0.464646 0.451389 0.259259 0.0634921 0.190476 0.0666667 0 0 0 0 0 0 0 0 0 0 0 0 0 0.677249 0.863248 
0.944444 0.761905 0.533333 0.20202 0 0 0 0 0 0 0 0 0 0 0 0 0 0.00854701 0.0261438 0.0793651 0.0833333 0.133333 0.266667 0.350427 0.444444 0.444444 0.350427 0.266667 0.133333 0.0833333 0.0793651 0.0261438 0.00854701 0 0 0 0 0 0 0 0 0 0 0 0 0 0.20202 0.533333 0.761905 0.944444 
1 0.966667 0.726852 0.5 0.279835 0 0 0 0 0 0 0 0 0 0 0 0 0 0 0 0 0 0 0.031746 0.0888889 0.0888889 0.031746 0 0 0 0 0 0 0 0 0 0 0 0 0 0 0 0 0 0 0.279835 0.5 0.726852 0.966667 1 
1 1 0.874644 0.588477 0.111111 0.279835 0 0 0 0 0 0 0 0 0 0 0 0 0 0 0 0 0 0 0 0 0 0 0 0 0 0 0 0 0 0 0 0 0 0 0 0 0 0 0.279835 0.111111 0.588477 0.874644 1 1 
1 1 1 1 0.588477 0.5 0.20202 0 0 0 0 0 0 0 0 0 0 0 0 0 0 0 0 0 0 0 0 0 0 0 0 0 0 0 0 0 0 0 0 0 0 0 0 0.20202 0.5 0.588477 1 1 1 1 
1 1 1 1 0.874644 0.726852 0.533333 0 0 0 0 0 0 0 0 0 0 0 0 0 0 0 0 0 0 0 0 0 0 0 0 0 0 0 0 0 0 0 0 0 0 0 0 0.533333 0.726852 0.874644 1 1 1 1 
1 1 1 1 1 0.966667 0.761905 0.677249 0.392157 0 0 0 0 0 0 0 0 0 0 0 0 0 0 0 0 0 0 0 0 0 0 0 0 0 0 0 0 0 0 0 0 0.392157 0.677249 0.761905 0.966667 1 1 1 1 1 
1 1 1 1 1 1 0.944444 0.863248 0.416667 0 0 0 0 0 0 0 0 0 0 0 0 0 0 0 0 0 0 0 0 0 0 0 0 0 0 0 0 0 0 0 0 0.416667 0.863248 0.944444 1 1 1 1 1 1 
