0.166667 0.237037 0 0 0 0 0 0 0 0 0 0 0 0 0 0 0 0 0.0588235 0.0833333 0.087963 0.180556 0.2 0.277778 0.361111 0.361111 0.277778 0.2 0.180556 0.087963 0.0833333 0.0588235 0 0 0 0 0 0 0 0 0 0 0 0 0 0 0 0 0.237037 0.166667 
0.237037 0 0 0 0 0 0 0 0 0 0 0 0 0 0 0.0555556 0.0833333 0.25 0.350427 0.416667 0.522222 0.606838 0.733333 0.844444 0.822222 0.822222 0.844444 0.733333 0.606838 0.522222 0.416667 0.350427 0.25 0.0833333 0.0555556 0 0 0 0 0 0 0 0 0 0 0 0 0 0 0.237037 
0 0 0 0 0 0 0 0 0 0 0 0 0.0277778 0.181818 0.416667 0.5 0.452991 0.666667 0.833333 0.925926 0.911111 0.947712 1 1 1 1 1 1 0.947712 0.911111 0.925926 0.833333 0.666667 0.452991 0.5 0.416667 0.181818 0.0277778 0 0 0 0 0 0 0 0 0 0 0 0 
0 0 0 0 0 0 0 0 0 0 0 0.4 0.6875 0.74359 0.888889 0.911111 0.931624 1 1 1 1 1 1 1 1 1 1 1 1 1 1 1 1 0.931624 0.911111 0.888889 0.74359 0.6875 0.4 0 0 0 0 0 0 0 0 0 0 0 
0 0 0 0 0 0 0 0 0 0 0.102564 0.642857 0.958333 1 1 1 1 1 1 1 1 1 1 1 1 1 1 1 1 1 1 1 1 1 1 1 1 0.958333 0.642857 0.102564 0 0 0 0 0 0 0 0 0 0 
0 0 0 0 0 0 0 0 0 0.1 0.409091 1 1 1 1 1 1 1 1 1 1 1 1 1 1 1 1 1 1 1 1 1 1 1 1 1 1 1 1 0.409091 0.1 0 0 0 0 0 0 0 0 0 
0 0 0 0 0 0 0 0 0 0.4 1 1 1 1 1 1 1 1 1 1 1 1 1 1 1 1 1 1 1 1 1 1 1 1 1 1 1 1 1 1 0.4 0 0 0 0 0 0 0 0 0 
0 0 0 0 0 0 0 0.272727 0.85 1 1 1 1 1 1 1 1 1 1 1 1 1 1 1 1 1 1 1 1 1 1 1 1 1 1 1 1 1 1 1 1 0.85 0.272727 0 0 0 0 0 0 0 
0 0 0 0 0 0 0 0.85 1 1 1 1 1 1 1 1 1 1 1 1 1 1 1 1 1 1 1 1 1 1 1 1 1 1 1 1 1 1 1 1 1 1 0.85 0 0 0 0 0 0 0 
0 0 0 0 0 0.1 0.4 1 1 1 1 1 1 1 1 1 1 1 1 1 1 1 1 1 1 1 1 1 1 1 1 1 1 1 1 1 1 1 1 1 1 1 1 0.4 0.1 0 0 0 0 0 
0 0 0 0 0.102564 0.409091 1 1 1 1 1 1 1 1 1 1 1 1 1 1 1 1 1 1 1 1 1 1 1 1 1 1 1 1 1 1 1 1 1 1 1 1 1 1 0.409091 0.102564 0 0 0 0 
0 0 0 0.4 0.642857 1 1 1 1 1 1 1 1 1 1 1 1 1 1 1 1 1 1 1 1 1 1 1 1 1 1 1 1 1 1 1 1 1 1 1 1 1 1 1 1 0.642857 0.4 0 0 0 
0 0 0.0277778 0.6875 0.958333 1 1 1 1 1 1 1 1 1 1 1 1 1 1 1 1 1 1 1 1 1 1 1 1 1 1 1 1 1 1 1 1 1 1 1 1 1 1 1 1 0.958333 0.6875 0.0277778 0 0 
0 0 0.181818 0.74359 1 1 1 1 1 1 1 1 1 1 1 1 1 1 1 1 0.949074 0.81746 0.833333 0.703704 0.733333 0.733333 0.703704 0.833333 0.81746 0.949074 1 1 1 1 1 1 1 1 1 1 1 1 1 1 1 1 0.74359 0.181818 0 0 
0 0 0.416667 0.888889 1 1 1 1 1 1 1 1 1 1 1 1 1 1 1 1 0.571429 0.425926 0.222222 0.166667 0.0952381 0.0952381 0.166667 0.222222 0.425926 0.571429 1 1 1 1 1 1 1 1 1 1 1 1 1 1 1 1 0.888889 0.416667 0 0 
0 0.0555556 0.5 0.911111 1 1 1 1 1 1 1 1 1 1 1 1 1 0.820513 0.6 0 0.037037 0.253968 0 0 0 0 0 0 0.253968 0.037037 0 0.6 0.820513 1 1 1 1 1 1 1 1 1 1 1 1 1 0.911111 0.5 0.0555556 0 
0 0.0833333 0.452991 0.931624 1 1 1 1 1 1 1 1 1 1 1 1 0.714286 0.666667 0.0606061 0 0 0 0 0 0 0 0 0 0 0 0 0.0606061 0.666667 0.714286 1 1 1 1 1 1 1 1 1 1 1 1 0.931624 0.452991 0.0833333 0 
0 0.25 0.666667 1 1 1 1 1 1 1 1 1 1 1 1 0.820513 0.666667 0 0 0 0 0 0 0 0 0 0 0 0 0 0 0 0 0.666667 0.820513 1 1 1 1 1 1 1 1 1 1 1 1 0.666667 0.25 0 
0.0588235 0.350427 0.833333 1 1 1 1 1 1 1 1 1 1 1 1 0.6 0.0606061 0 0 0 0 0 0 0 0 0 0 0 0 0 0 0 0 0.0606061 0.6 1 1 1 1 1 1 1 1 1 1 1 1 0.833333 0.350427 0.0588235 
0.0833333 0.416667 0.925926 1 1 1 1 1 1 1 1 1 1 1 1 0 0 0 0 0 0 0 0 0 0 0 0 0 0 0 0 0 0 0 0 1 1 1 1 1 1 1 1 1 1 1 1 0.925926 0.416667 0.0833333 
0.087963 0.522222 0.911111 1 1 1 1 1 1 1 1 1 1 0.949074 0.571429 0.037037 0 0 0 0 0 0 0 0 0 0 0 0 0 0 0 0 0 0 0.037037 0.571429 0.949074 1 1 1 1 1 1 1 1 1 1 0.911111 0.522222 0.087963 
0.180556 0.606838 0.947712 1 1 1 1 1 1 1 1 1 1 0.81746 0.425926 0.253968 0 0 0 0 0 0 0 0 0 0 0 0 0 0 0 0 0 0 0.253968 0.425926 0.81746 1 1 1 1 1 1 1 1 1 1 0.947712 0.606838 0.180556 
0.2 0.733333 1 1 1 1 1 1 1 1 1 1 1 0.833333 0.222222 0 0 0 0 0 0 0 0 0 0 0 0 0 0 0 0 0 0 0 0 0.222222 0.833333 1 1 1 1 1 1 1 1 1 1 1 0.733333 0.2 
0.277778 0.844444 1 1 1 1 1 1 1 1 1 1 1 0.703704 0.166667 0 0 0 0 0 0 0 0 0 0 0 0 0 0 0 0 0 0 0 0 0.166667 0.703704 1 1 1 1 1 1 1 1 1 1 1 0.844444 0.277778 
0.361111 0.822222 1 1 1 1 1 1 1 1 1 1 1 0.733333 0.0952381 0 0 0 0 0 0 0 0 0 0 0 0 0 0 0 0 0 0 0 0 0.0952381 0.733333 1 1 1 1 1 1 1 1 1 1 1 0.822222 0.361111 
0.361111 0.822222 1 1 1 1 1 1 1 1 1 1 1 0.733333 0.0952381 0 0 0 0 0 0 0 0 0 0 0 0 0 0 0 0 0 0 0 0 0.0952381 0.733333 1 1 1 1 1 1 1 1 1 1 1 0.822222 0.361111 
0.277778 0.844444 1 1 1 1 1 1 1 1 1 1 1 0.703704 0.166667 0 0 0 0 0 0 0 0 0 0 0 0 0 0 0 0 0 0 0 0 0.166667 0.703704 1 1 1 1 1 1 1 1 1 1 1 0.844444 0.277778 
0.2 0.733333 1 1 1 1 1 1 1 1 1 1 1 0.833333 0.222222 0 0 0 0 0 0 0 0 0 0 0 0 0 0 0 0 0 0 0 0 0.222222 0.833333 1 1 1 1 1 1 1 1 1 1 1 0.733333 0.2 
0.180556 0.606838 0.947712 1 1 1 1 1 1 1 1 1 1 0.81746 0.425926 0.253968 0 0 0 0 0 0 0 0 0 0 0 0 0 0 0 0 0 0 0.253968 0.425926 0.81746 1 1 1 1 1 1 1 1 1 1 0.947712 0.606838 0.180556 
0.087963 0.522222 0.911111 1 1 1 1 1 1 1 1 1 1 0.949074 0.571429 0.037037 0 0 0 0 0 0 0 0 0 0 0 0 0 0 0 0 0 0 0.037037 0.571429 0.949074 1 1 1 1 1 1 1 1 1 1 0.911111 0.522222 0.087963 
0.0833333 0.416667 0.925926 1 1 1 1 1 1 1 1 1 1 1 1 0 0 0 0 0 0 0 0 0 0 0 0 0 0 0 0 0 0 0 0 1 1 1 1 1 1 1 1 1 1 1 1 0.925926 0.416667 0.0833333 
0.0588235 0.350427 0.833333 1 1 1 1 1 1 1 1 1 1 1 1 0.6 0.0606061 0 0 0 0 0 0 0 0 0 0 0 0 0 0 0 0 0.0606061 0.6 1 1 1 1 1 1 1 1 1 1 1 1 0.833333 0.350427 0.0588235 
0 0.25 0.666667 1 1 1 1 1 1 1 1 1 1 1 1 0.820513 0.666667 0 0 0 0 0 0 0 0 0 0 0 0 0 0 0 0 0.666667 0.820513 1 1 1 1 1 1 1 1 1 1 1 1 0.666667 0.25 0 
0 0.0833333 0.452991 0.931624 1 1 1 1 1 1 1 1 1 1 1 1 0.714286 0.666667 0.0606061 0 0 0 0 0 0 0 0 0 0 0 0 0.0606061 0.666667 0.714286 1 1 1 1 1 1 1 1 1 1 1 1 0.931624 0.452991 0.0833333 0 
0 0.0555556 0.5 0.911111 1 1 1 1 1 1 1 1 1 1 1 1 1 0.820513 0.6 0 0.037037 0.253968 0 0 0 0 0 0 0.253968 0.037037 0 0.6 0.820513 1 1 1 1 1 1 1 1 1 1 1 1 1 0.911111 0.5 0.0555556 0 
0 0 0.416667 0.888889 1 1 1 1 1 1 1 1 1 1 1 1 1 1 1 1 0.571429 0.425926 0.222222 0.166667 0.0952381 0.0952381 0.166667 0.222222 0.425926 0.571429 1 1 1 1 1 1 1 1 1 1 1 1 1 1 1 1 0.888889 0.416667 0 0 
0 0 0.181818 0.74359 1 1 1 1 1 1 1 1 1 1 1 1 1 1 1 1 0.949074 0.81746 0.833333 0.703704 0.733333 0.733333 0.703704 0.833333 0.81746 0.949074 1 1 1 1 1 1 1 1 1 1 1 1 1 1 1 1 0.74359 0.181818 0 0 
0 0 0.0277778 0.6875 0.958333 1 1 1 1 1 1 1 1 1 1 1 1 1 1 1 1 1 1 1 1 1 1 1 1 1 1 1 1 1 1 1 1 1 1 1 1 1 1 1 1 0.958333 0.6875 0.0277778 0 0 
0 0 0 0.4 0.642857 1 1 1 1 1 1 1 1 1 1 1 1 1 1 1 1 1 1 1 1 1 1 1 1 1 1 1 1 1 1 1 1 1 1 1 1 1 1 1 1 0.642857 0.4 0 0 0 
0 0 0 0 0.102564 0.409091 1 1 1 1 1 1 1 1 1 1 1 1 1 1 1 1 1 1 1 1 1 1 1 1 1 1 1 1 1 1 1 1 1 1 1 1 1 1 0.409091 0.102564 0 0 0 0 
0 0 0 0 0 0.1 0.4 1 1 1 1 1 1 1 1 1 1 1 1 1 1 1 1 1 1 1 1 1 1 1 1 1 1 1 1 1 1 1 1 1 1 1 1 0.4 0.1 0 0 0 0 0 
0 0 0 0 0 0 0 0.85 1 1 1 1 1 1 1 1 1 1 1 1 1 1 1 1 1 1 1 1 1 1 1 1 1 1 1 1 1 1 1 1 1 1 0.85 0 0 0 0 0 0 0 
0 0 0 0 0 0 0 0.272727 0.85 1 1 1 1 1 1 1 1 1 1 1 1 1 1 1 1 1 1 1 1 1 1 1 1 1 1 1 1 1 1 1 1 0.85 0.272727 0 0 0 0 0 0 0 
0 0 0 0 0 0 0 0 0 0.4 1 1 1 1 1 1 1 1 1 1 1 1 1 1 1 1 1 1 1 1 1 1 1 1 1 1 1 1 1 1 0.4 0 0 0 0 0 0 0 0 0 
0 0 0 0 0 0 0 0 0 0.1 0.409091 1 1 1 1 1 1 1 1 1 1 1 1 1 1 1 1 1 1 1 1 1 1 1 1 1 1 1 1 0.409091 0.1 0 0 0 0 0 0 0 0 0 
0 0 0 0 0 0 0 0 0 0 0.102564 0.642857 0.958333 1 1 1 1 1 1 1 1 1 1 1 1 1 1 1 1 1 1 1 1 1 1 1 1 0.958333 0.642857 0.102564 0 0 0 0 0 0 0 0 0 0 
0 0 0 0 0 0 0 0 0 0 0 0.4 0.6875 0.74359 0.888889 0.911111 0.931624 1 1 1 1 1 1 1 1 1 1 1 1 1 1 1 1 0.931624 0.911111 0.888889 0.74359 0.6875 0.4 0 0 0 0 0 0 0 0 0 0 0 
0 0 0 0 0 0 0 0 0 0 0 0 0.0277778 0.181818 0.416667 0.5 0.452991 0.666667 0.833333 0.925926 0.911111 0.947712 1 1 1 1 1 1 0.947712 0.911111 0.925926 0.833333 0.666667 0.452991 0.5 0.416667 0.181818 0.0277778 0 0 0 0 0 0 0 0 0 0 0 0 
0.237037 0 0 0 0 0 0 0 0 0 0 0 0 0 0 0.0555556 0.0833333 0.25 0.350427 0.416667 0.522222 0.606838 0.733333 0.844444 0.822222 0.822222 0.844444 0.733333 0.606838 0.522222 0.416667 0.350427 0.25 0.0833333 0.0555556 0 0 0 0 0 0 0 0 0 0 0 0 0 0 0.237037 
0.166667 0.237037 0 0 0 0 0 0 0 0 0 0 0 0 0 0 0 0 0.0588235 0.0833333 0.087963 0.180556 0.2 0.277778 0.361111 0.361111 0.277778 0.2 0.180556 0.087963 0.0833333 0.0588235 0 0 0 0 0 0 0 0 0 0 0 0 0 0 0 0 0.237037 0.166667 
