0 0 0 0 0 0 0 0 0 0 0 0 0 0 0 0 0 0 0 0 0 0 0 0 0 0 0 0 0 0 0 0 0 0 0 0 0 0 0 0 0 0 0 0 0 0 0 0 0 0 
0 0 0 0 0 0 0 0 0 0 0 0 0 0 0 0 0 0 0 0 0 0 0 0 0 0 0 0 0 0 0 0 0 0 0 0 0 0 0 0 0 0 0 0 0 0 0 0 0 0 
0 0 0 0 0 0 0 0 0 0 0 0 0 0 0 0 0 0 0 0 0 0 0 0 0 0 0 0 0 0 0 0 0 0 0 0 0 0 0 0 0 0 0 0 0 0 0 0 0 0 
0 0 0 0 0 0 0 0 0 0 0 0 0 0 0 0 0 0 0 0 0 0 0 0 0 0 0 0 0 0 0 0 0 0 0 0 0 0 0 0 0 0 0 0 0 0 0 0 0 0 
0 0 0 0 0 0 0 0 0 0 0 0 0 0 0 0 0 0 0 0 0 0 0 0 0 0 0 0 0 0 0 0 0 0 0 0 0 0 0 0 0 0 0 0 0 0 0 0 0 0 
0 0 0 0 0 0 0 0 0 0 0 0 0 0 0 0 0 0 0 0 0 0 0 0 0 0 0 0 0 0 0 0 0 0 0 0 0 0 0 0 0 0 0 0 0 0 0 0 0 0 
0 0 0 0 0 0 0 0 0 0 0 0 0 0 0 0 0 0.0833333 0.121212 0.333333 0.296296 0.75 0.571429 0.9 0.727273 0.727273 0.9 0.571429 0.75 0.296296 0.333333 0.121212 0.0833333 0 0 0 0 0 0 0 0 0 0 0 0 0 0 0 0 0 
0 0 0 0 0 0 0 0 0 0 0 0 0 0 0 0 0.0666667 0.361111 0.722222 1 1 1 1 1 1 1 1 1 1 1 1 0.722222 0.361111 0.0666667 0 0 0 0 0 0 0 0 0 0 0 0 0 0 0 0 
0 0 0 0 0 0 0 0 0 0 0 0 0 0 0.0740741 0.25 0.8 1 1 1 1 1 1 1 1 1 1 1 1 1 1 1 1 0.8 0.25 0.0740741 0 0 0 0 0 0 0 0 0 0 0 0 0 0 
0 0 0 0 0 0 0 0 0 0 0 0 0.0666667 0.291667 0.75 1 1 1 1 1 1 1 1 1 1 1 1 1 1 1 1 1 1 1 1 0.75 0.291667 0.0666667 0 0 0 0 0 0 0 0 0 0 0 0 
0 0 0 0 0 0 0 0 0 0 0 0 0.285714 0.454545 1 1 1 1 1 1 1 1 1 1 1 1 1 1 1 1 1 1 1 1 1 1 0.454545 0.285714 0 0 0 0 0 0 0 0 0 0 0 0 
0 0 0 0 0 0 0 0 0 0 0 0.52381 0.333333 0.888889 1 1 1 1 1 1 1 1 1 1 1 1 1 1 1 1 1 1 1 1 1 1 0.888889 0.333333 0.52381 0 0 0 0 0 0 0 0 0 0 0 
0 0 0 0 0 0 0 0 0 0.0666667 0.285714 0.333333 1 1 1 1 1 1 1 1 1 1 1 1 1 1 1 1 1 1 1 1 1 1 1 1 1 1 0.333333 0.285714 0.0666667 0 0 0 0 0 0 0 0 0 
0 0 0 0 0 0 0 0 0 0.291667 0.454545 0.888889 1 1 1 1 1 1 1 1 1 1 1 1 1 1 1 1 1 1 1 1 1 1 1 1 1 1 0.888889 0.454545 0.291667 0 0 0 0 0 0 0 0 0 
0 0 0 0 0 0 0 0 0.0740741 0.75 1 1 1 1 1 1 1 1 1 1 1 1 1 1 1 1 1 1 1 1 1 1 1 1 1 1 1 1 1 1 0.75 0.0740741 0 0 0 0 0 0 0 0 
0 0 0 0 0 0 0 0 0.25 1 1 1 1 1 1 1 1 1 1 1 1 1 1 1 1 1 1 1 1 1 1 1 1 1 1 1 1 1 1 1 1 0.25 0 0 0 0 0 0 0 0 
0 0 0 0 0 0 0 0.0666667 0.8 1 1 1 1 1 1 1 1 1 1 1 1 1 1 1 1 1 1 1 1 1 1 1 1 1 1 1 1 1 1 1 1 0.8 0.0666667 0 0 0 0 0 0 0 
0 0 0 0 0 0 0.0833333 0.361111 1 1 1 1 1 1 1 1 1 1 1 1 1 1 1 1 1 1 1 1 1 1 1 1 1 1 1 1 1 1 1 1 1 1 0.361111 0.0833333 0 0 0 0 0 0 
0 0 0 0 0 0 0.121212 0.722222 1 1 1 1 1 1 1 1 1 1 1 1 1 1 1 1 1 1 1 1 1 1 1 1 1 1 1 1 1 1 1 1 1 1 0.722222 0.121212 0 0 0 0 0 0 
0 0 0 0 0 0 0.333333 1 1 1 1 1 1 1 1 1 1 1 1 1 1 1 1 0.722222 0.714286 0.714286 0.722222 1 1 1 1 1 1 1 1 1 1 1 1 1 1 1 1 0.333333 0 0 0 0 0 0 
0 0 0 0 0 0 0.296296 1 1 1 1 1 1 1 1 1 1 1 1 1 0.857143 0.666667 0 0.166667 0.105263 0.105263 0.166667 0 0.666667 0.857143 1 1 1 1 1 1 1 1 1 1 1 1 1 0.296296 0 0 0 0 0 0 
0 0 0 0 0 0 0.75 1 1 1 1 1 1 1 1 1 1 1 1 1 0.666667 0 0 0 0 0 0 0 0 0.666667 1 1 1 1 1 1 1 1 1 1 1 1 1 0.75 0 0 0 0 0 0 
0 0 0 0 0 0 0.571429 1 1 1 1 1 1 1 1 1 1 1 1 1 0 0 0 0 0 0 0 0 0 0 1 1 1 1 1 1 1 1 1 1 1 1 1 0.571429 0 0 0 0 0 0 
0 0 0 0 0 0 0.9 1 1 1 1 1 1 1 1 1 1 1 1 0.722222 0.166667 0 0 0 0 0 0 0 0 0.166667 0.722222 1 1 1 1 1 1 1 1 1 1 1 1 0.9 0 0 0 0 0 0 
0 0 0 0 0 0 0.727273 1 1 1 1 1 1 1 1 1 1 1 1 0.714286 0.105263 0 0 0 0 0 0 0 0 0.105263 0.714286 1 1 1 1 1 1 1 1 1 1 1 1 0.727273 0 0 0 0 0 0 
0 0 0 0 0 0 0.727273 1 1 1 1 1 1 1 1 1 1 1 1 0.714286 0.105263 0 0 0 0 0 0 0 0 0.105263 0.714286 1 1 1 1 1 1 1 1 1 1 1 1 0.727273 0 0 0 0 0 0 
0 0 0 0 0 0 0.9 1 1 1 1 1 1 1 1 1 1 1 1 0.722222 0.166667 0 0 0 0 0 0 0 0 0.166667 0.722222 1 1 1 1 1 1 1 1 1 1 1 1 0.9 0 0 0 0 0 0 
0 0 0 0 0 0 0.571429 1 1 1 1 1 1 1 1 1 1 1 1 1 0 0 0 0 0 0 0 0 0 0 1 1 1 1 1 1 1 1 1 1 1 1 1 0.571429 0 0 0 0 0 0 
0 0 0 0 0 0 0.75 1 1 1 1 1 1 1 1 1 1 1 1 1 0.666667 0 0 0 0 0 0 0 0 0.666667 1 1 1 1 1 1 1 1 1 1 1 1 1 0.75 0 0 0 0 0 0 
0 0 0 0 0 0 0.296296 1 1 1 1 1 1 1 1 1 1 1 1 1 0.857143 0.666667 0 0.166667 0.105263 0.105263 0.166667 0 0.666667 0.857143 1 1 1 1 1 1 1 1 1 1 1 1 1 0.296296 0 0 0 0 0 0 
0 0 0 0 0 0 0.333333 1 1 1 1 1 1 1 1 1 1 1 1 1 1 1 1 0.722222 0.714286 0.714286 0.722222 1 1 1 1 1 1 1 1 1 1 1 1 1 1 1 1 0.333333 0 0 0 0 0 0 
0 0 0 0 0 0 0.121212 0.722222 1 1 1 1 1 1 1 1 1 1 1 1 1 1 1 1 1 1 1 1 1 1 1 1 1 1 1 1 1 1 1 1 1 1 0.722222 0.121212 0 0 0 0 0 0 
0 0 0 0 0 0 0.0833333 0.361111 1 1 1 1 1 1 1 1 1 1 1 1 1 1 1 1 1 1 1 1 1 1 1 1 1 1 1 1 1 1 1 1 1 1 0.361111 0.0833333 0 0 0 0 0 0 
0 0 0 0 0 0 0 0.0666667 0.8 1 1 1 1 1 1 1 1 1 1 1 1 1 1 1 1 1 1 1 1 1 1 1 1 1 1 1 1 1 1 1 1 0.8 0.0666667 0 0 0 0 0 0 0 
0 0 0 0 0 0 0 0 0.25 1 1 1 1 1 1 1 1 1 1 1 1 1 1 1 1 1 1 1 1 1 1 1 1 1 1 1 1 1 1 1 1 0.25 0 0 0 0 0 0 0 0 
0 0 0 0 0 0 0 0 0.0740741 0.75 1 1 1 1 1 1 1 1 1 1 1 1 1 1 1 1 1 1 1 1 1 1 1 1 1 1 1 1 1 1 0.75 0.0740741 0 0 0 0 0 0 0 0 
0 0 0 0 0 0 0 0 0 0.291667 0.454545 0.888889 1 1 1 1 1 1 1 1 1 1 1 1 1 1 1 1 1 1 1 1 1 1 1 1 1 1 0.888889 0.454545 0.291667 0 0 0 0 0 0 0 0 0 
0 0 0 0 0 0 0 0 0 0.0666667 0.285714 0.333333 1 1 1 1 1 1 1 1 1 1 1 1 1 1 1 1 1 1 1 1 1 1 1 1 1 1 0.333333 0.285714 0.0666667 0 0 0 0 0 0 0 0 0 
0 0 0 0 0 0 0 0 0 0 0 0.52381 0.333333 0.888889 1 1 1 1 1 1 1 1 1 1 1 1 1 1 1 1 1 1 1 1 1 1 0.888889 0.333333 0.52381 0 0 0 0 0 0 0 0 0 0 0 
0 0 0 0 0 0 0 0 0 0 0 0 0.285714 0.454545 1 1 1 1 1 1 1 1 1 1 1 1 1 1 1 1 1 1 1 1 1 1 0.454545 0.285714 0 0 0 0 0 0 0 0 0 0 0 0 
0 0 0 0 0 0 0 0 0 0 0 0 0.0666667 0.291667 0.75 1 1 1 1 1 1 1 1 1 1 1 1 1 1 1 1 1 1 1 1 0.75 0.291667 0.0666667 0 0 0 0 0 0 0 0 0 0 0 0 
0 0 0 0 0 0 0 0 0 0 0 0 0 0 0.0740741 0.25 0.8 1 1 1 1 1 1 1 1 1 1 1 1 1 1 1 1 0.8 0.25 0.0740741 0 0 0 0 0 0 0 0 0 0 0 0 0 0 
0 0 0 0 0 0 0 0 0 0 0 0 0 0 0 0 0.0666667 0.361111 0.722222 1 1 1 1 1 1 1 1 1 1 1 1 0.722222 0.361111 0.0666667 0 0 0 0 0 0 0 0 0 0 0 0 0 0 0 0 
0 0 0 0 0 0 0 0 0 0 0 0 0 0 0 0 0 0.0833333 0.121212 0.333333 0.296296 0.75 0.571429 0.9 0.727273 0.727273 0.9 0.571429 0.75 0.296296 0.333333 0.121212 0.0833333 0 0 0 0 0 0 0 0 0 0 0 0 0 0 0 0 0 
0 0 0 0 0 0 0 0 0 0 0 0 0 0 0 0 0 0 0 0 0 0 0 0 0 0 0 0 0 0 0 0 0 0 0 0 0 0 0 0 0 0 0 0 0 0 0 0 0 0 
0 0 0 0 0 0 0 0 0 0 0 0 0 0 0 0 0 0 0 0 0 0 0 0 0 0 0 0 0 0 0 0 0 0 0 0 0 0 0 0 0 0 0 0 0 0 0 0 0 0 
0 0 0 0 0 0 0 0 0 0 0 0 0 0 0 0 0 0 0 0 0 0 0 0 0 0 0 0 0 0 0 0 0 0 0 0 0 0 0 0 0 0 0 0 0 0 0 0 0 0 
0 0 0 0 0 0 0 0 0 0 0 0 0 0 0 0 0 0 0 0 0 0 0 0 0 0 0 0 0 0 0 0 0 0 0 0 0 0 0 0 0 0 0 0 0 0 0 0 0 0 
0 0 0 0 0 0 0 0 0 0 0 0 0 0 0 0 0 0 0 0 0 0 0 0 0 0 0 0 0 0 0 0 0 0 0 0 0 0 0 0 0 0 0 0 0 0 0 0 0 0 
0 0 0 0 0 0 0 0 0 0 0 0 0 0 0 0 0 0 0 0 0 0 0 0 0 0 0 0 0 0 0 0 0 0 0 0 0 0 0 0 0 0 0 0 0 0 0 0 0 0 
